4

1 4.455281669447942 -0.8791671554628422
2 1.2642136607119792 0.33550692278743965
3 2.6818076579990677 2.1700729955869127
4 1.5071786534236653 0.2966316584974926
1 1.4843733926735112 -3.7964762214147196
2 -0.7054232891389374 1.0845061130557334
3 2.317794710807612 3.970283473360139
4 3.830074932430028 3.049723462838377
1 -1.4865348841009194 -3.286214712633403
2 -2.675060238989854 1.8335053033240272
3 1.9537817636161565 4.229506048866635
4 3.847028788563609 4.197184732820738
1 -4.45744316087535 -0.3689056466815259
2 -4.64469718884077 2.582504493592321
3 1.589768816424701 2.4292955710934088
4 1.524132509557246 1.4440929284798538
1 -2.5716485623502194 2.5484034192703513
2 -3.385665861308313 3.331503683860615
3 1.2257558692332455 0.6290850933201828
4 -0.798763769449117 -1.3089988758610307
1 0.39925971442421115 4.5342875147777715
2 -1.4160289114573965 4.080502874128909
3 0.86174292204179 -1.1711253844530432
4 -3.12166004845548 -4.062090680201916
1 3.3701679911986417 1.6169784488258943
2 0.55360803839352 4.829502064397203
3 0.49772997485033454 -2.971335862226269
4 -4.555443672538157 -3.1848175154571994
1 3.6589237320269277 -1.300330617125983
2 2.5232449882444365 4.421498745334503
3 0.13371702765887905 -4.771546339999495
4 -2.232547393531794 -0.43172571111631486
1 0.6880154552524971 -4.21763968307786
2 4.492881938095353 3.672499555066209
3 -0.23029591953257644 -3.4282431822272788
4 0.09034888547456887 2.3213660932245697
1 -2.2828928215219335 -2.8650512509702626
2 3.5374811120537304 2.923500364797915
3 -0.5943088667240319 -1.6280327044540528
4 2.413245164480932 4.925542102434546
1 -4.746198901703636 0.052257814981614636
2 1.5678441622028139 2.174501174529621
3 -0.9583218139154874 0.17217777331917317
4 4.736141443487295 2.1724502980936617
1 -1.7752906249292053 2.969566880933492
2 -0.40179278764810267 1.4255019842613275
3 -1.322334761106943 1.9723882510923991
4 2.940962277506342 -0.5806415062472228
1 1.1956176518452253 4.113124053114631
2 -2.371429737499019 0.6765027939930337
3 -1.6863477082983984 3.772598728865625
4 0.6180659984999792 -3.3337333105881073
1 4.166525928619656 1.1958149871627537
2 -4.341066687349936 -0.07249639627526006
3 -2.050360655489854 4.427190793361149
4 -1.7048302805063837 -3.913174885071008
1 2.8625657946059135 -1.7214940787891235
2 -3.6892963627991477 -0.8214955865435538
3 -2.4143736026813096 2.6269803155879226
4 -4.027726559512747 -1.1600830807301237
1 -0.10834248216851705 -4.638803144741001
2 -1.7196594129482312 -1.5704947768118476
3 -2.7783865498727653 0.8267698378146966
4 -3.6493771614808903 1.5930087236107608
1 -3.0792507589429476 -2.443887789307122
2 0.24997753690268532 -2.3194939670801413
3 -3.142399497064221 -0.9734406399585294
4 -1.3264808824745273 4.346100527951645
1 -3.9498409642826218 0.4734212766447552
2 2.219614486753602 -3.068493157348435
3 -3.5064124442556768 -2.773651117731755
4 0.9964153965318356 2.90080766770747
1 -0.9789326875081912 3.3907303425966324
2 4.189251436604518 -3.817492347616729
3 -3.8704253914471325 -4.573861595504981
4 3.3193116755381986 0.1477158633665856
1 1.9919755892662394 3.6919605914514904
2 3.841111613544565 -4.566491537885023
3 -4.234438338638588 -3.6259279267217925
4 4.357792045455438 -2.605375940974299
1 4.96288386604067 0.7746515254996131
2 1.8714746636936486 -4.684509271846683
3 -4.598451285830044 -1.8257174489485666
4 2.0348957664490754 -4.641532254684817
1 2.0662078571848994 -2.142657540452264
2 -0.09816228615726796 -3.935510081578389
3 -4.9624642330215 -0.02550697117534062
4 -0.28800051255728754 -1.8884404503439325
1 -0.9047004195895312 -4.940033393595859
2 -2.0677992360081845 -3.1865108913100952
3 -4.673522819787045 1.7747035065978853
4 -2.6108967915636505 0.864651353996952
1 -3.8756086963639618 -2.0227243276439815
2 -4.037436185859101 -2.4375117010418013
3 -4.309509872595589 3.5749139843711113
4 -4.9337930705700135 3.6177431583378366
1 -3.1534830268616076 0.8945847383078958
2 -3.9929268642899824 -1.6885125107735075
3 -3.945496925404133 4.6248755378556625
4 -2.7433106504236235 3.629165037321279
1 -0.18257475008717705 3.811893804259773
2 -2.023289914439066 -0.9395133205052137
3 -3.5814839782126775 2.8246650600824363
4 -0.42041437141726057 0.8760732329803944
1 2.7883335266872535 3.27079712978835
2 -0.05365296458814939 -0.19051413023692
3 -3.217471031021222 1.0244545823092104
4 1.9024819075891024 -1.87701857136049
1 4.240758196538316 0.3534880638364726
2 1.9159839852627671 0.5584850600313738
3 -2.853458083829766 -0.7757558954640156
4 4.225378186595465 -4.630110375701374
1 1.2698499197638853 -2.5638210021154046
2 3.8856209351136837 1.3074842502996675
3 -2.4894451366383104 -2.5759663732372413
4 3.4517255343981716 -2.616797819957741
1 -1.7010583570105453 -4.518869931932718
2 4.1447421150354 2.0564834405679613
3 -2.1254321894468546 -4.3761768510104675
4 1.1288292553918087 0.13629398438314366
1 -4.671966633784976 -1.601560865980841
2 2.1751051651844833 2.805482630836255
3 -1.7614192422553991 -3.8236126712163063
4 -1.1940670236145543 2.889385788724028
1 -2.3571250894405935 1.3157481999710363
2 0.20546821533356674 3.554481821104549
3 -1.3974062950639436 -2.02340219344308
4 -3.5169633026209173 4.357522406935088
1 0.6137831873338371 4.2330572659229135
2 -1.7641687345173498 4.303481011372843
3 -1.0333933478724882 -0.22319171566985418
4 -4.16014041837272 1.6044306025942032
1 3.5846914641082677 2.8496336681252092
2 -3.7338056843682663 4.947519798358863
3 -0.6693804006810327 1.5770187621033718
4 -1.8372441393663568 -1.1486612017466813
1 3.4444002591173017 -0.06767539782666798
2 -4.296557365780817 4.198520608090569
3 -0.30536745348957717 3.3772292398765975
4 0.4856521396400062 -3.901753006087566
1 0.47349198234287115 -2.984984463778545
2 -2.3269204159299006 3.4495214178222753
3 0.058645493701878326 4.822560282350176
4 2.808548418646369 -3.3451551895715497
1 -2.4974162944315594 -4.097706470269578
2 -0.3572834660789841 2.7005222275539813
3 0.4226584408933338 3.02234980457695
4 4.868555302347268 -0.5920633852306652
1 -4.53167542879401 -1.1803974043177003
2 1.6123534837719324 1.9515230372856875
3 0.7866713880847893 1.2221393268037242
4 2.545659023340905 2.1610284191102194
1 -1.5607671520195794 1.7369116616341769
2 3.581990433622849 1.2025238470173938
3 1.1506843352762448 -0.5780711509695018
4 0.2227627443345419 4.914120223451103
1 1.4101411247548512 4.654220727586054
2 4.4483726165262345 0.45352465674910003
3 1.5146972824677003 -2.3782816287427275
4 -2.100133534671821 2.3327879722080116
1 4.381049401529282 2.4284702064620687
2 2.478735666675318 -0.2954745335191937
3 1.8787102296591558 -4.178492106515954
4 -4.423029813678184 -0.4203038321328729
1 2.6480423216962876 -0.48883885948980854
2 0.5090987168244014 -1.0444737237874875
3 2.2427231768506113 -4.02129741571082
4 -3.254073907315453 -3.1733956364737574
1 -0.322865955078143 -3.4061479254416858
2 -1.460538233026515 -1.7934729140557812
3 2.606736124042067 -2.221086937937594
4 -0.93117762830909 -4.0735125591853585
1 -3.2937742318525736 -3.676543008606437
2 -3.4301751828774316 -2.5424721043240748
3 2.9707490712335227 -0.42087646016436797
4 1.391718650697273 -1.320420754844474
1 -3.735317491372996 -0.7592339426545598
2 -4.600187867271652 -3.2914712945923688
3 3.3347620184249784 1.379334017608858
4 3.714614929703636 1.4326710494964106
1 -0.7644092145985653 2.1580751232973174
2 -2.6305509174207353 -4.040470484860663
3 3.698774965616434 3.1795444953820837
4 3.962488791290001 4.185762853837295
1 2.2064990621758653 4.924615810750805
2 -0.6609139675698188 -4.789469675128957
3 4.06278791280789 4.97975497315531
4 1.6395925122836381 3.0611453418218204
1 4.822592661049704 2.007306744798928
2 1.3087229822810977 -4.461531134602749
3 4.426800859999346 3.220034549071464
4 -0.6833037667227249 0.3080535374809359
1 1.8516843842752735 -0.9100023211529491
2 3.2783599321320143 -3.7125319443344553
3 4.790813807190801 1.419824071298238
4 -3.006200045729088 -2.4450382668599486
1 -1.119223892499157 -3.8273113871048263
2 4.752003118017069 -2.9635327540661613
3 4.845173245617743 -0.380386406474988
4 -4.670903675264549 -4.801869928799167
1 -4.090132169273588 -3.2553795469432965
2 2.7823661681661527 -2.2145335637978674
3 4.481160298426287 -2.1805968842482137
4 -2.348007396258186 -2.048778124458283
1 -2.9389595539519817 -0.33807048099141923
2 0.8127292183152361 -1.4655343735295736
3 4.1171473512348316 -3.98080736202144
4 -0.025111117251823245 0.7043136798826017
1 0.03194872282244887 2.579238584960458
2 -1.1569077315356804 -0.7165351832612799
3 3.753134404043376 -4.218982160205334
4 2.2977851617545397 3.4574054842234863
1 3.0028569995968795 4.503452349087665
2 -3.126544681386597 0.032464007007013906
3 3.38912145685192 -2.4187716824321077
4 4.620681440760903 3.7895027114356292
1 4.02623472362869 1.5861432831357876
2 -4.903818368762487 0.7814631972753077
3 3.0251085096604644 -0.6185612046588818
4 3.0564222802327343 1.0364109070947447
1 1.0553264468542594 -1.3311657828160897
2 -2.93418141891157 1.5304623875436014
3 2.6610955624690087 1.1816492731143442
4 0.7335260012263713 -1.7166808972461398
1 -1.9155818299201712 -4.248474848767967
2 -0.9645444690606535 2.279461577811895
3 2.297082615277553 2.98185975088757
4 -1.5893702777799916 -4.469772701587024
1 -4.886490106694602 -2.834216085280156
2 1.005092480790263 3.0284607680801887
3 1.9330696680860975 4.782070228660796
4 -3.9122665567863546 -2.777135494072091
1 -2.1426016165309676 0.08309298067172133
2 2.9747294306411796 3.7774599583484827
3 1.569056720894642 3.4177192935659777
4 -3.7648371642072824 -0.02404368973120663
1 0.828306660243463 3.0004020466235986
2 4.944366380492096 4.526459148616777
3 1.2050437737031865 1.6175088157927517
4 -1.4419408852009195 2.729048114609678
1 3.7992149370178936 4.082288887424524
2 3.0859966696569874 4.724541661114929
3 0.841030826511731 -0.18270166198047422
4 0.8809553938054435 4.517860081049438
1 3.229876786207676 1.164979821472647
2 1.1163597198060708 3.9755424708466354
3 0.4770178793202755 -1.9829121397537002
4 3.2038516728118065 1.7647682767085535
1 0.25896850943324523 -1.7523292444792302
2 -0.8532772300448457 3.2265432805783414
3 0.11300493212882001 -3.783122617526926
4 4.4732520481818305 -0.988323527632331
1 -2.7119397673411854 -4.669638310431107
2 -2.822914179895762 2.4775440903100474
3 -0.2510080150626355 -4.416666904699848
4 2.1503557691754676 -3.7414153319732155
1 -4.317151955884384 -2.4130526236170153
2 -4.792551129746679 1.7285449000417537
3 -0.615020962254091 -2.6164564269266215
4 -0.17254050983089542 -3.5054928636859
1 -1.3462436791099535 0.5042564423348619
2 -3.2378119204024047 0.9795457097734599
3 -0.9790339094455465 -0.8162459491533955
4 -2.4954367888372584 -0.7524010593450154
1 1.6246645976644771 3.421565508286739
2 -1.2681749705514882 0.23054651950516614
3 -1.343046856637002 0.9839645286198304
4 -4.818333067843621 2.000690744995869
1 4.595572874438908 3.6611254257613837
2 0.7014619792994283 -0.5184526707631276
3 -1.7070598038284575 2.784175006393056
4 -2.8587706531500157 4.753782549336753
1 2.4335188487866617 0.7438163598095064
2 2.671098929150345 -1.2674518610314214
3 -2.071072751019913 4.584385484166282
4 -0.5358743741436527 2.493125646322362
1 -0.5373894279877689 -2.173492706142371
2 4.640735879001261 -2.016451051299715
3 -2.4350856982113687 3.6154040380604915
4 1.7870219048627103 -0.25996615801852263
1 -3.5082977047621995 -4.909198227905752
2 3.389627171147822 -2.7654502415680087
3 -2.7990986454028244 1.8151935602872655
4 4.109918183869073 -3.013057962359407
1 -3.52079401846337 -1.9918891619538748
2 1.4199902212969056 -3.5144494318363027
3 -3.16311159259428 0.01498308251403957
4 3.5671855371245638 -4.233850233299709
1 -0.5498857416889393 0.9254199039980024
2 -0.549646728554011 -4.263448622104597
3 -3.527124539785736 -1.7852273952591864
4 1.2442892581182008 -1.4807584289588243
1 2.4210225350854913 3.8427289699498797
2 -2.5192836784049275 -4.987552187627109
3 -3.8911374869771915 -3.5854378730324123
4 -1.0786070208881622 1.2723333753820603
1 4.608069188140078 3.239961964098243
2 -4.488920628255844 -4.238552997358815
3 -4.255150434168647 -4.6143516491943615
4 -3.401503299894525 4.025425179722944
1 1.6371609113656476 0.3226528981463659
2 -3.5414424218932394 -3.4895538070905214
3 -4.619163381360103 -2.8141411714211353
4 -4.275600421099112 3.2214830159361707
1 -1.333747365408783 -2.5946561678055113
2 -1.571805472042323 -2.7405546168222275
3 -4.983176328551559 -1.0139306936479093
4 -1.952704142092749 0.4683912115952862
1 -4.304655642183214 -4.488034766242611
2 0.3978314778085936 -1.9915554265539337
3 -4.652810724256986 0.7862797841253166
4 0.3701921369136141 -2.2847005927455983
1 -2.724436081042356 -1.5707257002907342
2 2.36746842765951 -1.24255623628564
3 -4.28879777706553 2.5864902618985424
4 2.693088415919977 -4.962207602913518
1 0.2464721957320748 1.346583365661143
2 4.337105377510427 -0.4935570460173462
3 -3.924784829874074 4.3867007396717685
4 4.98401530507366 -2.209115798572633
1 3.2173804725065054 4.26389243161302
2 3.693257672638657 0.2554421442509476
3 -3.5607718826826185 3.8130887825550053
4 2.661119026067297 0.5439760057682514
1 3.811711250719064 2.8187985024351025
2 1.7236207227877403 1.0044413345192413
3 -3.1967589354911627 2.012878304781779
4 0.338222747060934 3.297067810109136
1 0.8408029739446334 -0.09851056351677467
2 -0.24601622706317627 1.753440524787535
3 -2.832745988299707 0.21266782700855313
4 -1.984673531945429 3.9498403855499795
1 -2.130105302829797 -3.015819629468652
2 -2.215653176914093 2.5024397150558286
3 -2.4687330411082513 -1.5875426507646728
4 -4.307569810951792 1.196748581209095
1 -4.898986420395772 -4.066871304579471
2 -4.185290126765009 3.2514389053241226
3 -2.1047200939167956 -3.3877531285378986
4 -3.369533910041845 -1.5563432231317895
1 -1.9280781436213417 -1.1495622386275937
2 -3.845072923384074 4.000438095592417
3 -1.74070714672534 -4.812036393688875
4 -1.0466376310354821 -4.309435027472674
1 1.042830133153089 1.7677468273242836
2 -1.8754359735331576 4.749437285860711
3 -1.3766941995338846 -3.011825915915649
4 1.2762586479708808 -2.9374731681864414
1 4.0137384099275195 4.685055893276161
2 0.09420097631775892 4.5015635238709955
3 -1.0126812523424291 -1.2116154381424231
4 3.599154926977244 -0.18438136384555692
1 3.01535331329805 2.397635040771962
2 2.0638379261686755 3.7525643336027015
3 -0.6486683051509736 0.5885950396308028
4 4.077948794016393 2.5687104404953276
1 0.04444503652361931 -0.5196740251799152
2 4.033474876019592 3.0035651433344075
3 -0.28465535795951813 2.3888055174040286
4 1.7550525150100302 4.678197755163788
1 -2.9264632402508113 -3.4369830911317925
2 3.9968881741294915 2.2545659530661135
3 0.07935758923193736 4.189015995177255
4 -0.5678437639963327 1.9251059508229038
1 -4.102628482974758 -3.6457078429163303
2 2.027251224278575 1.5055667627978198
3 0.44337053642339286 4.010773527049519
4 -2.8907400430026957 -0.8279858535179807
1 -1.1317202062003275 -0.7283987769644531
2 0.05761427442765843 0.756567572529526
3 0.8073834836148484 2.210563049276293
4 -4.786363677990941 -3.5810776578588652
1 1.839188070574103 2.188910288987424
2 -1.912022675423258 0.007568382261232243
3 1.1713964308063038 0.4103525715030669
4 -2.4634673989845783 -3.6658305378002503
1 4.810096347348534 4.893780645060699
2 -3.8816596252741746 -0.7414308080070615
3 1.5354093779977593 -1.389857906270159
4 -0.14057111997821536 -0.9127387334593657
1 2.2189953758770358 1.9764715791088214
2 -4.148703424874909 -1.4904299982753553
3 1.8994223251892148 -3.1900683840433848
4 2.1823251590281476 1.8403530708815188
1 -0.7519129008973948 -0.9408374868430558
2 -2.1790664750239923 -2.239429188543649
3 2.2634352723806703 -4.990278861816611
4 4.505221438034511 4.593444875222403
1 -3.7228211776718254 -3.858146552794933
2 -0.20942952517307578 -2.9884283788119426
3 2.627448219572126 -3.209510660410163
4 3.1718822829591264 2.653463320436712
1 -3.306270545553744 -3.2245443812531898
2 1.7602074246778407 -3.7374275690802365
3 2.9914611667635818 -1.409300182636937
4 0.8489860039527635 -0.09962848390417234
1 -0.3353622687793134 -0.30723531530131254
2 3.7298443745287573 -4.4864267593485305
3 3.3554741139550375 0.39091029513628905
4 -1.4739102750535995 -2.852720288245057
1 2.635546007995117 2.6100737506505647
2 4.300518675620326 -4.7645740503831755
3 3.719487061146493 2.191120772909515
4 -3.7968065540599625 -4.394187907414059
