4

1 -1.2397285085639853 -1.9468122448656644
2 1.434543398407343 3.568071709031757
3 -4.449981030508319 4.999465504515745
4 -0.7309505968729091 4.371533294846762
1 -1.075610237314092 -2.0305428089841704
2 1.245977456874319 3.6016660478170297
3 -4.455383123454897 4.8396941012590915
4 -0.8242003854763023 4.511719321228727
1 -0.911491966064199 -2.114273373102676
2 1.0574115153412948 3.6352603866023023
3 -4.460785216401476 4.679922698002438
4 -0.9174501740796954 4.651905347610693
1 -0.7473736948143059 -2.198003937221182
2 0.8688455738082709 3.668854725387575
3 -4.466187309348054 4.520151294745785
4 -1.0106999626830886 4.792091373992659
1 -0.5832554235644128 -2.2817345013396877
2 0.6802796322752469 3.7024490641728476
3 -4.471589402294633 4.360379891489132
4 -1.1039497512864818 4.932277400374625
1 -0.41913715231451976 -2.3654650654581935
2 0.49171369074222293 3.73604340295812
3 -4.4769914952412115 4.200608488232479
4 -1.197199539889875 4.927536573243409
1 -0.25501888106462667 -2.4491956295766992
2 0.30314774920919896 3.769637741743393
3 -4.48239358818779 4.040837084975826
4 -1.290449328493268 4.787350546861443
1 -0.09090060981473358 -2.532926193695205
2 0.11458180767617496 3.8032320805286655
3 -4.487795681134369 3.8810656817191727
4 -1.3836991170966613 4.647164520479477
1 0.07321766143515951 -2.6166567578137108
2 -0.07398413385684904 3.836826419313938
3 -4.493197774080947 3.721294278462519
4 -1.4769489057000544 4.5069784940975115
1 0.2373359326850526 -2.7003873219322165
2 -0.26255007538987307 3.8704207580992107
3 -4.498599867027526 3.5615228752058656
4 -1.5701986943034476 4.366792467715546
1 0.4014542039349457 -2.7841178860507223
2 -0.45111601692289705 3.9040150968844833
3 -4.504001959974104 3.401751471949212
4 -1.6634484829068408 4.22660644133358
1 0.5655724751848388 -2.867848450169228
2 -0.639681958455921 3.937609435669756
3 -4.509404052920683 3.2419800686925586
4 -1.756698271510234 4.086420414951614
1 0.7296907464347319 -2.951579014287734
2 -0.828247899988945 3.9712037744550286
3 -4.5148061458672615 3.082208665435905
4 -1.8499480601136271 3.946234388569648
1 0.893809017684625 -3.0353095784062396
2 -1.016813841521969 4.004798113240301
3 -4.52020823881384 2.9224372621792516
4 -1.9431978487170203 3.806048362187682
1 1.057927288934518 -3.1190401425247454
2 -1.205379783054993 4.038392452025573
3 -4.525610331760419 2.762665858922598
4 -2.0364476373204137 3.6658623358057163
1 1.222045560184411 -3.202770706643251
2 -1.3939457245880171 4.071986790810846
3 -4.531012424706997 2.6028944556659446
4 -2.129697425923807 3.5256763094237504
1 1.3861638314343039 -3.286501270761757
2 -1.5825116661210412 4.105581129596119
3 -4.536414517653576 2.443123052409291
4 -2.2229472145272005 3.3854902830417846
1 1.5502821026841969 -3.3702318348802627
2 -1.7710776076540653 4.139175468381391
3 -4.541816610600154 2.2833516491526376
4 -2.316197003130594 3.2453042566598187
1 1.7144003739340898 -3.4539623989987684
2 -1.9596435491870894 4.172769807166664
3 -4.547218703546733 2.123580245895984
4 -2.4094467917339872 3.105118230277853
1 1.8785186451839828 -3.537692963117274
2 -2.1482094907201135 4.2063641459519365
3 -4.552620796493311 1.9638088426393305
4 -2.5026965803373806 2.964932203895887
1 2.042636916433876 -3.62142352723578
2 -2.3367754322531376 4.239958484737209
3 -4.55802288943989 1.804037439382677
4 -2.595946368940774 2.824746177513921
1 2.2067551876837688 -3.7051540913542858
2 -2.5253413737861616 4.273552823522482
3 -4.5634249823864685 1.6442660361260235
4 -2.6891961575441674 2.6845601511319552
1 2.3708734589336617 -3.7888846554727915
2 -2.7139073153191857 4.307147162307754
3 -4.568827075333047 1.48449463286937
4 -2.782445946147561 2.5443741247499894
1 2.5349917301835547 -3.8726152195912973
2 -2.90247325685221 4.340741501093027
3 -4.574229168279626 1.3247232296127165
4 -2.875695734750954 2.4041880983680235
1 2.6991100014334477 -3.956345783709803
2 -3.091039198385234 4.3743358398783
3 -4.579631261226204 1.164951826356063
4 -2.9689455233543476 2.2640020719860576
1 2.8632282726833407 -4.040076347828309
2 -3.279605139918258 4.407930178663572
3 -4.585033354172783 1.0051804230994095
4 -3.062195311957741 2.1238160456040918
1 3.0273465439332337 -4.123806911946815
2 -3.468171081451282 4.441524517448845
3 -4.590435447119361 0.8454090198427561
4 -3.1554451005611344 1.9836300192221261
1 3.1914648151831266 -4.207537476065321
2 -3.656737022984306 4.4751188562341175
3 -4.59583754006594 0.6856376165861027
4 -3.2486948891645278 1.8434439928401605
1 3.3555830864330196 -4.291268040183827
2 -3.8453029645173302 4.50871319501939
3 -4.6012396330125185 0.5258662133294493
4 -3.341944677767921 1.7032579664581948
1 3.5197013576829126 -4.374998604302332
2 -4.033868906050354 4.542307533804663
3 -4.606641725959097 0.3660948100727959
4 -3.4351944663713145 1.5630719400762292
1 3.6838196289328056 -4.458729168420838
2 -4.2224348475833775 4.575901872589935
3 -4.612043818905676 0.20632340681614245
4 -3.528444254974708 1.4228859136942635
1 3.8479379001826985 -4.542459732539344
2 -4.411000789116401 4.609496211375208
3 -4.617445911852254 0.04655200355948902
4 -3.6216940435781013 1.282699887312298
1 4.012056171432592 -4.62619029665785
2 -4.599566730649425 4.643090550160481
3 -4.622848004798833 -0.11321939969716441
4 -3.7149438321814947 1.1425138609303322
1 4.176174442682485 -4.709920860776355
2 -4.788132672182448 4.676684888945753
3 -4.628250097745411 -0.27299080295381783
4 -3.808193620784888 1.0023278345483666
1 4.340292713932378 -4.793651424894861
2 -4.976698613715472 4.710279227731026
3 -4.63365219069199 -0.43276220621047123
4 -3.9014434093882815 0.862141808166401
1 4.504410985182271 -4.877381989013367
2 -4.834735444751504 4.7438735665162985
3 -4.639054283638568 -0.5925336094671246
4 -3.994693197991675 0.7219557817844353
1 4.668529256432164 -4.961112553131873
2 -4.646169503218481 4.777467905301571
3 -4.644456376585147 -0.752305012723778
4 -4.087942986595068 0.5817697554024697
1 4.832647527682057 -4.9551568827496215
2 -4.457603561685457 4.811062244086844
3 -4.6498584695317255 -0.9120764159804314
4 -4.181192775198461 0.44158372902050397
1 4.99676579893195 -4.871426318631116
2 -4.269037620152433 4.844656582872116
3 -4.655260562478304 -1.0718478192370848
4 -4.274442563801855 0.30139770263853827
1 4.839115929818157 -4.78769575451261
2 -4.08047167861941 4.878250921657389
3 -4.660662655424883 -1.2316192224937383
4 -4.367692352405248 0.16121167625657257
1 4.674997658568264 -4.703965190394104
2 -3.8919057370863857 4.911845260442662
3 -4.666064748371461 -1.3913906257503919
4 -4.460942141008641 0.021025649874606867
1 4.510879387318371 -4.620234626275598
2 -3.7033397955533616 4.945439599227934
3 -4.67146684131804 -1.5511620290070454
4 -4.554191929612035 -0.11916037650735883
1 4.346761116068478 -4.536504062157093
2 -3.5147738540203375 4.979033938013207
3 -4.676868934264618 -1.7109334322636989
4 -4.647441718215428 -0.25934640288932453
1 4.182642844818585 -4.452773498038587
2 -3.3262079124873134 4.9873717232015204
3 -4.682271027211197 -1.8707048355203524
4 -4.740691506818822 -0.39953242927129023
1 4.018524573568692 -4.369042933920081
2 -3.1376419709542893 4.953777384416248
3 -4.6876731201577755 -2.030476238777006
4 -4.833941295422215 -0.5397184556532559
1 3.8544063023187993 -4.285312369801575
2 -2.9490760294212652 4.920183045630975
3 -4.693075213104354 -2.1902476420336594
4 -4.927191084025608 -0.6799044820352216
1 3.6902880310689063 -4.20158180568307
2 -2.760510087888241 4.886588706845703
3 -4.698477306050933 -2.350019045290313
4 -4.979559127370998 -0.8200905084171872
1 3.5261697598190134 -4.117851241564564
2 -2.571944146355217 4.85299436806043
3 -4.703879398997511 -2.5097904485469664
4 -4.886309338767605 -0.9602765347991529
1 3.3620514885691204 -4.034120677446058
2 -2.383378204822193 4.819400029275157
3 -4.70928149194409 -2.66956185180362
4 -4.7930595501642115 -1.1004625611811185
1 3.1979332173192274 -3.9503901133275523
2 -2.194812263289169 4.785805690489885
3 -4.714683584890668 -2.8293332550602734
4 -4.699809761560818 -1.2406485875630842
1 3.0338149460693344 -3.8666595492090465
2 -2.006246321756145 4.752211351704612
3 -4.720085677837247 -2.989104658316927
4 -4.606559972957425 -1.3808346139450498
1 2.8696966748194415 -3.7829289850905408
2 -1.8176803802231207 4.718617012919339
3 -4.725487770783825 -3.1488760615735805
4 -4.513310184354031 -1.5210206403270154
1 2.7055784035695485 -3.699198420972035
2 -1.6291144386900966 4.685022674134067
3 -4.730889863730404 -3.308647464830234
4 -4.420060395750638 -1.661206666708981
1 2.5414601323196555 -3.6154678568535292
2 -1.4405484971570726 4.651428335348794
3 -4.7362919566769826 -3.4684188680868875
4 -4.3268106071472445 -1.8013926930909467
1 2.3773418610697625 -3.5317372927350235
2 -1.2519825556240485 4.617833996563522
3 -4.741694049623561 -3.628190271343541
4 -4.233560818543851 -1.9415787194729124
1 2.2132235898198696 -3.4480067286165177
2 -1.0634166140910244 4.584239657778249
3 -4.74709614257014 -3.7879616746001945
4 -4.140311029940458 -2.081764745854878
1 2.0491053185699766 -3.364276164498012
2 -0.8748506725580004 4.550645318992976
3 -4.752498235516718 -3.947733077856848
4 -4.047061241337064 -2.221950772236844
1 1.8849870473200836 -3.280545600379506
2 -0.6862847310249764 4.517050980207704
3 -4.757900328463297 -4.1075044811135015
4 -3.953811452733671 -2.3621367986188098
1 1.7208687760701906 -3.1968150362610004
2 -0.4977187894919525 4.483456641422431
3 -4.763302421409875 -4.267275884370155
4 -3.8605616641302776 -2.5023228250007756
1 1.5567505048202976 -3.1130844721424946
2 -0.3091528479589285 4.449862302637158
3 -4.768704514356454 -4.427047287626808
4 -3.767311875526884 -2.6425088513827415
1 1.3926322335704047 -3.029353908023989
2 -0.1205869064259045 4.416267963851886
3 -4.7741066073030325 -4.586818690883461
4 -3.674062086923491 -2.7826948777647074
1 1.2285139623205117 -2.945623343905483
2 0.0679790351071195 4.382673625066613
3 -4.779508700249611 -4.746590094140114
4 -3.5808122983200974 -2.9228809041466732
1 1.0643956910706187 -2.8618927797869773
2 0.25654497664014353 4.3490792862813406
3 -4.78491079319619 -4.906361497396767
4 -3.487562509716704 -3.063066930528639
1 0.9002774198207256 -2.7781622156684715
2 0.4451109181731675 4.315484947496068
3 -4.790312886142768 -4.93386709934658
4 -3.3943127211133106 -3.203252956910605
1 0.7361591485708325 -2.694431651549966
2 0.6336768597061915 4.281890608710795
3 -4.795714979089347 -4.774095696089927
4 -3.3010629325099172 -3.343438983292571
1 0.5720408773209394 -2.61070108743146
2 0.8222428012392154 4.248296269925523
3 -4.801117072035925 -4.614324292833274
4 -3.207813143906524 -3.4836250096745367
1 0.40792260607104636 -2.5269705233129542
2 1.0108087427722394 4.21470193114025
3 -4.806519164982504 -4.454552889576621
4 -3.1145633553031304 -3.6238110360565026
1 0.24380433482115327 -2.4432399591944485
2 1.1993746843052635 4.181107592354977
3 -4.811921257929082 -4.294781486319968
4 -3.021313566699737 -3.7639970624384684
1 0.07968606357126018 -2.3595093950759427
2 1.3879406258382876 4.147513253569705
3 -4.817323350875661 -4.135010083063315
4 -2.9280637780963437 -3.9041830888204343
1 -0.08443220767863291 -2.275778830957437
2 1.5765065673713117 4.113918914784432
3 -4.8227254438222396 -3.9752386798066612
4 -2.8348139894929503 -4.0443691152024
1 -0.248550478928526 -2.192048266838931
2 1.7650725089043358 4.0803245759991595
3 -4.828127536768818 -3.8154672765500077
4 -2.741564200889557 -4.184555141584366
1 -0.4126687501784191 -2.1083177027204254
2 1.9536384504373598 4.046730237213887
3 -4.833529629715397 -3.655695873293354
4 -2.6483144122861635 -4.324741167966332
1 -0.5767870214283122 -2.0245871386019196
2 2.1422043919703837 4.013135898428614
3 -4.838931722661975 -3.4959244700367007
4 -2.55506462368277 -4.464927194348298
1 -0.7409052926782053 -1.9408565744834139
2 2.330770333503408 3.9795415596433417
3 -4.844333815608554 -3.336153066780047
4 -2.4618148350793767 -4.605113220730264
1 -0.9050235639280984 -1.857126010364908
2 2.519336275036432 3.945947220858069
3 -4.849735908555132 -3.1763816635233937
4 -2.3685650464759833 -4.7452992471122295
1 -1.0691418351779913 -1.7733954462464023
2 2.707902216569456 3.9123528820727964
3 -4.855138001501711 -3.01661026026674
4 -2.27531525787259 -4.885485273494195
1 -1.2332601064278843 -1.6896648821278966
2 2.89646815810248 3.878758543287524
3 -4.8605400944482895 -2.8568388570100867
4 -2.1820654692691965 -4.974328700123839
1 -1.3973783776777773 -1.6059343180093908
2 3.085034099635504 3.845164204502251
3 -4.865942187394868 -2.697067453753433
4 -2.088815680665803 -4.834142673741873
1 -1.5614966489276703 -1.522203753890885
2 3.273600041168528 3.8115698657169785
3 -4.871344280341447 -2.5372960504967796
4 -1.99556589206241 -4.693956647359907
1 -1.7256149201775632 -1.4384731897723793
2 3.4621659827015523 3.777975526931706
3 -4.876746373288025 -2.377524647240126
4 -1.9023161034590168 -4.553770620977941
1 -1.8897331914274562 -1.3547426256538735
2 3.6507319242345764 3.7443811881464333
3 -4.882148466234604 -2.2177532439834726
4 -1.8090663148556236 -4.413584594595975
1 -2.053851462677349 -1.2710120615353677
2 3.8392978657676005 3.7107868493611607
3 -4.887550559181182 -2.057981840726819
4 -1.7158165262522305 -4.273398568214009
1 -2.217969733927242 -1.187281497416862
2 4.0278638073006245 3.677192510575888
3 -4.892952652127761 -1.8982104374701656
4 -1.6225667376488373 -4.133212541832044
1 -2.382088005177135 -1.1035509332983562
2 4.216429748833648 3.6435981717906154
3 -4.898354745074339 -1.738439034213512
4 -1.5293169490454441 -3.9930265154500777
1 -2.546206276427028 -1.0198203691798504
2 4.404995690366672 3.6100038330053428
3 -4.903756838020918 -1.5786676309568586
4 -1.436067160442051 -3.852840489068112
1 -2.710324547676921 -0.9360898050613445
2 4.5935616318996955 3.57640949422007
3 -4.909158930967497 -1.418896227700205
4 -1.3428173718386578 -3.712654462686146
1 -2.874442818926814 -0.8523592409428387
2 4.782127573432719 3.5428151554347975
3 -4.914561023914075 -1.2591248244435516
4 -1.2495675832352646 -3.57246843630418
1 -3.038561090176707 -0.7686286768243328
2 4.970693514965743 3.509220816649525
3 -4.919963116860654 -1.099353421186898
4 -1.1563177946318715 -3.4322824099222142
1 -3.2026793614266 -0.6848981127058269
2 4.840740543501234 3.4756264778642523
3 -4.925365209807232 -0.9395820179302447
4 -1.0630680060284783 -3.2920963835402484
1 -3.366797632676493 -0.601167548587321
2 4.65217460196821 3.4420321390789796
3 -4.930767302753811 -0.7798106146735913
4 -0.9698182174250851 -3.1519103571582825
1 -3.530915903926386 -0.5174369844688151
2 4.463608660435186 3.408437800293707
3 -4.936169395700389 -0.6200392114169379
4 -0.876568428821692 -3.0117243307763166
1 -3.695034175176279 -0.43370642035030926
2 4.275042718902163 3.3748434615084344
3 -4.941571488646968 -0.46026780816028445
4 -0.7833186402182988 -2.8715383043943508
1 -3.859152446426172 -0.3499758562318034
2 4.086476777369139 3.3412491227231618
3 -4.9469735815935465 -0.30049640490363105
4 -0.6900688516149056 -2.731352278012385
1 -4.023270717676065 -0.2662452921132975
2 3.897910835836115 3.307654783937889
3 -4.952375674540125 -0.14072500164697763
4 -0.5968190630115124 -2.591166251630419
1 -4.187388988925958 -0.18251472799479163
2 3.709344894303091 3.2740604451526165
3 -4.957777767486704 0.0190464016096758
4 -0.5035692744081193 -2.450980225248453
1 -4.351507260175851 -0.09878416387628576
2 3.520778952770067 3.240466106367344
3 -4.963179860433282 0.17881780486632923
4 -0.41031948580472605 -2.3107941988664873
1 -4.515625531425744 -0.015053599757779895
2 3.3322130112370427 3.2068717675820713
3 -4.968581953379861 0.33858920812298265
4 -0.3170696972013328 -2.1706081724845214
1 -4.679743802675637 0.06867696436072597
2 3.1436470697040186 3.1732774287967986
3 -4.973984046326439 0.49836061137963605
4 -0.2238199085979396 -2.0304221461025556
1 -4.84386207392553 0.15240752847923184
2 2.9550811281709946 3.139683090011526
3 -4.979386139273018 0.6581320146362895
4 -0.13057011999454637 -1.89023611972059
1 -4.992019654824577 0.23613809259773771
2 2.7665151866379705 3.1060887512262534
3 -4.984788232219596 0.8179034178929429
4 -0.03732033139115315 -1.7500500933386243
1 -4.827901383574684 0.3198686567162436
2 2.5779492451049464 3.0724944124409808
3 -4.990190325166175 0.9776748211495963
4 0.055929457212240075 -1.6098640669566586
1 -4.663783112324791 0.4035992208347495
2 2.3893833035719223 3.038900073655708
3 -4.995592418112754 1.1374462244062498
4 0.1491792458156333 -1.469678040574693
1 -4.499664841074898 0.48732978495325535
2 2.200817362038898 3.0053057348704355
3 -4.999005488940668 1.2972176276629033
4 0.24242903441902652 -1.3294920141927273
1 -4.335546569825005 0.5710603490717612
2 2.012251420505874 2.971711396085163
3 -4.993603395994089 1.4569890309195568
4 0.33567882302241975 -1.1893059878107617
1 -4.171428298575112 0.654790913190267
2 1.82368547897285 2.9381170572998903
3 -4.988201303047511 1.6167604341762103
4 0.42892861162581297 -1.049119961428796
1 -4.007310027325219 0.7385214773087729
2 1.635119537439826 2.9045227185146176
3 -4.982799210100932 1.7765318374328638
4 0.5221784002292063 -0.9089339350468304
1 -3.843191756075326 0.8222520414272788
2 1.4465535959068019 2.870928379729345
3 -4.977397117154354 1.9363032406895173
4 0.6154281888325994 -0.7687479086648648
1 -3.679073484825433 0.9059826055457847
2 1.2579876543737778 2.8373340409440724
3 -4.971995024207775 2.096074643946171
4 0.7086779774359926 -0.6285618822828991
1 -3.51495521357554 0.9897131696642906
2 1.0694217128407537 2.8037397021587998
3 -4.9665929312611965 2.2558460472028243
4 0.8019277660393858 -0.4883758559009334
1 -3.350836942325647 1.0734437337827964
2 0.8808557713077297 2.770145363373527
3 -4.961190838314618 2.415617450459478
4 0.8951775546427789 -0.3481898295189677
1 -3.186718671075754 1.1571742979013022
2 0.6922898297747058 2.7365510245882545
3 -4.955788745368039 2.5753888537161314
4 0.9884273432461721 -0.208003803137002
1 -3.022600399825861 1.240904862019808
2 0.5037238882416818 2.702956685802982
3 -4.950386652421461 2.735160256972785
4 1.0816771318495653 -0.06781777675503631
1 -2.858482128575968 1.3246354261383138
2 0.3151579467086578 2.6693623470177092
3 -4.944984559474882 2.8949316602294384
4 1.1749269204529584 0.07236824962692939
1 -2.694363857326075 1.4083659902568195
2 0.12659200517563382 2.6357680082324366
3 -4.939582466528304 3.054703063486092
4 1.2681767090563516 0.2125542760088951
1 -2.530245586076182 1.4920965543753253
2 -0.06197393635739018 2.602173669447164
3 -4.934180373581725 3.2144744667427454
4 1.3614264976597448 0.3527403023908608
1 -2.366127314826289 1.575827118493831
2 -0.2505398778904142 2.5685793306618914
3 -4.928778280635147 3.374245869999399
4 1.454676286263138 0.4929263287728265
1 -2.202009043576396 1.6595576826123368
2 -0.4391058194234382 2.5349849918766187
3 -4.923376187688568 3.5340172732560524
4 1.547926074866531 0.6331123551547921
1 -2.037890772326503 1.7432882467308426
2 -0.6276717609564622 2.501390653091346
3 -4.917974094741989 3.693788676512706
4 1.6411758634699243 0.7732983815367578
1 -1.8737725010766102 1.8270188108493484
2 -0.8162377024894861 2.4677963143060735
3 -4.912572001795411 3.8535600797693594
4 1.7344256520733174 0.9134844079187234
1 -1.7096542298267172 1.9107493749678541
2 -1.00480364402251 2.434201975520801
3 -4.907169908848832 4.013331483026013
4 1.8276754406767106 1.053670434300689
1 -1.5455359585768242 1.99447993908636
2 -1.1933695855555342 2.4006076367355282
3 -4.901767815902254 4.173102886282666
4 1.9209252292801038 1.1938564606826547
1 -1.3814176873269313 2.0782105032048657
2 -1.3819355270885583 2.3670132979502556
3 -4.896365722955675 4.332874289539319
4 2.014175017883497 1.3340424870646204
1 -1.2172994160770383 2.1619410673233714
2 -1.5705014686215824 2.333418959164983
3 -4.890963630009097 4.492645692795972
4 2.1074248064868906 1.474228513446586
1 -1.0531811448271453 2.245671631441877
2 -1.7590674101546064 2.2998246203797104
3 -4.885561537062518 4.652417096052625
4 2.200674595090284 1.6144145398285517
1 -0.8890628735772522 2.329402195560383
2 -1.9476333516876305 2.2662302815944377
3 -4.8801594441159395 4.812188499309278
4 2.2939243836936773 1.7546005662105173
1 -0.7249446023273591 2.4131327596788887
2 -2.1361992932206544 2.232635942809165
3 -4.874757351169361 4.971959902565931
4 2.3871741722970707 1.894786592592483
1 -0.560826331077466 2.4968633237973945
2 -2.3247652347536785 2.1990416040238925
3 -4.869355258222782 4.868268694177416
4 2.480423960900464 2.034972618974449
1 -0.39670805982757296 2.5805938879159003
2 -2.5133311762867026 2.16544726523862
3 -4.863953165276204 4.7084972909207625
4 2.5736737495038575 2.1751586453564147
1 -0.23258978857767987 2.664324452034406
2 -2.7018971178197266 2.1318529264533472
3 -4.858551072329625 4.5487258876641095
4 2.666923538107251 2.3153446717383805
1 -0.06847151732778678 2.748055016152912
2 -2.8904630593527507 2.0982585876680746
3 -4.853148979383047 4.388954484407456
4 2.7601733267106443 2.4555306981203464
1 0.09564675392210631 2.8317855802714176
2 -3.079029000885775 2.064664248882802
3 -4.847746886436468 4.229183081150803
4 2.8534231153140377 2.5957167245023123
1 0.2597650251719994 2.9155161443899233
2 -3.267594942418799 2.0310699100975294
3 -4.8423447934898896 4.06941167789415
4 2.946672903917431 2.735902750884278
1 0.4238832964218925 2.999246708508429
2 -3.456160883951823 1.997475571312257
3 -4.836942700543311 3.9096402746374967
4 3.0399226925208245 2.876088777266244
1 0.5880015676717856 3.082977272626935
2 -3.644726825484847 1.9638812325269845
3 -4.831540607596732 3.7498688713808432
4 3.133172481124218 3.01627480364821
1 0.7521198389216787 3.1667078367454407
2 -3.833292767017871 1.9302868937417121
3 -4.826138514650154 3.5900974681241897
4 3.2264222697276113 3.1564608300301757
1 0.9162381101715718 3.2504384008639464
2 -4.021858708550895 1.8966925549564397
3 -4.820736421703575 3.430326064867536
4 3.3196720583310046 3.2966468564121416
1 1.0803563814214647 3.334168964982452
2 -4.210424650083919 1.8630982161711673
3 -4.815334328756997 3.2705546616108827
4 3.412921846934398 3.4368328827941075
1 1.2444746526713577 3.417899529100958
2 -4.3989905916169425 1.829503877385895
3 -4.809932235810418 3.110783258354229
4 3.5061716355377914 3.5770189091760733
1 1.4085929239212507 3.5016300932194637
2 -4.587556533149966 1.7959095386006225
3 -4.80453014286384 2.9510118550975757
4 3.599421424141185 3.717204935558039
1 1.5727111951711437 3.5853606573379695
2 -4.77612247468299 1.7623151998153501
3 -4.799128049917261 2.791240451840922
4 3.692671212744578 3.857390961940005
1 1.7368294664210366 3.6690912214564753
2 -4.964688416216013 1.7287208610300777
3 -4.7937259569706825 2.6314690485842687
4 3.7859210013479716 3.997576988321971
1 1.9009477376709296 3.752821785574981
2 -4.846745642250963 1.6951265222448053
3 -4.788323864024104 2.471697645327615
4 3.879170789951365 4.137763014703936
1 2.0650660089208226 3.836552349693487
2 -4.658179700717939 1.661532183459533
3 -4.782921771077525 2.3119262420709616
4 3.9724205785547584 4.277949041085902
1 2.2291842801707156 3.9202829138119926
2 -4.469613759184916 1.6279378446742605
3 -4.777519678130947 2.152154838814308
4 4.065670367158152 4.418135067467868
1 2.3933025514206085 4.004013477930498
2 -4.281047817651892 1.594343505888988
3 -4.772117585184368 1.9923834355576546
4 4.158920155761545 4.558321093849834
1 2.5574208226705015 4.087744042049004
2 -4.092481876118868 1.5607491671037157
3 -4.76671549223779 1.8326120323010011
4 4.252169944364939 4.6985071202318
1 2.7215390939203945 4.17147460616751
2 -3.9039159345858443 1.5271548283184433
3 -4.761313399291211 1.6728406290443476
4 4.345419732968332 4.838693146613766
1 2.8856573651702875 4.255205170286016
2 -3.71534999305282 1.4935604895331709
3 -4.7559113063446325 1.513069225787694
4 4.438669521571725 4.978879172995732
1 3.0497756364201805 4.338935734404521
2 -3.526784051519796 1.4599661507478985
3 -4.750509213398054 1.3532978225310406
4 4.531919310175119 4.880934800622303
1 3.2138939076700734 4.422666298523027
2 -3.338218109986772 1.426371811962626
3 -4.745107120451475 1.193526419274387
4 4.625169098778512 4.740748774240337
1 3.3780121789199664 4.506396862641533
2 -3.149652168453748 1.3927774731773537
3 -4.739705027504897 1.0337550160177336
4 4.7184188873819055 4.600562747858371
1 3.5421304501698594 4.590127426760039
2 -2.961086226920724 1.3591831343920813
3 -4.734302934558318 0.8739836127610802
4 4.811668675985299 4.460376721476405
1 3.7062487214197524 4.6738579908785445
2 -2.7725202853877 1.3255887956068089
3 -4.72890084161174 0.7142122095044268
4 4.904918464588692 4.320190695094439
1 3.8703669926696453 4.75758855499705
2 -2.5839543438546757 1.2919944568215365
3 -4.723498748665161 0.5544408062477734
4 4.998168253192086 4.180004668712473
1 4.034485263919539 4.841319119115556
2 -2.3953884023216516 1.258400118036264
3 -4.718096655718583 0.39466940299111997
4 4.908581958204521 4.039818642330507
1 4.198603535169432 4.925049683234062
2 -2.2068224607886275 1.2248057792509917
3 -4.712694562772004 0.23489799973446654
4 4.8153321696011275 3.8996326159485415
1 4.362721806419325 4.9912197526474325
2 -2.0182565192556035 1.1912114404657193
3 -4.7072924698254255 0.07512659647781311
4 4.722082380997734 3.7594465895665756
1 4.526840077669218 4.907489188528927
2 -1.8296905777225794 1.1576171016804468
3 -4.701890376878847 -0.08464480677884031
4 4.628832592394341 3.6192605631846098
1 4.690958348919111 4.823758624410421
2 -1.6411246361895553 1.1240227628951744
3 -4.696488283932268 -0.24441621003549374
4 4.535582803790947 3.479074536802644
1 4.855076620169004 4.740028060291915
2 -1.4525586946565312 1.090428424109902
3 -4.69108619098569 -0.40418761329214714
4 4.442333015187554 3.338888510420678
1 4.980805108581103 4.656297496173409
2 -1.2639927531235071 1.0568340853246296
3 -4.685684098039111 -0.5639590165488005
4 4.349083226584161 3.198702484038712
1 4.81668683733121 4.572566932054904
2 -1.075426811590483 1.0232397465393572
3 -4.680282005092533 -0.7237304198054539
4 4.255833437980767 3.0585164576567463
1 4.652568566081317 4.488836367936398
2 -0.8868608700574591 0.9896454077540847
3 -4.674879912145954 -0.8835018230621073
4 4.162583649377374 2.9183304312747804
1 4.488450294831424 4.405105803817892
2 -0.6982949285244351 0.9560510689688122
3 -4.6694778191993755 -1.0432732263187607
4 4.06933386077398 2.7781444048928146
1 4.3243320235815315 4.321375239699386
2 -0.5097289869914111 0.9224567301835397
3 -4.664075726252797 -1.2030446295754142
4 3.976084072170587 2.6379583785108487
1 4.1602137523316385 4.2376446755808805
2 -0.32116304545838714 0.8888623913982672
3 -4.658673633306218 -1.3628160328320678
4 3.8828342835671936 2.497772352128883
1 3.9960954810817455 4.153914111462375
2 -0.13259710392536314 0.8552680526129947
3 -4.65327154035964 -1.5225874360887213
4 3.7895844949638002 2.357586325746917
1 3.8319772098318525 4.070183547343869
2 0.05596883760766086 0.8216737138277221
3 -4.647869447413061 -1.6823588393453748
4 3.696334706360407 2.217400299364951
1 3.6678589385819595 3.9864529832253632
2 0.24453477914068486 0.7880793750424496
3 -4.642467354466483 -1.8421302426020283
4 3.6030849177570135 2.077214272982985
1 3.5037406673320666 3.9027224191068575
2 0.43310072067370886 0.7544850362571771
3 -4.637065261519904 -2.001901645858682
4 3.50983512915362 1.9370282466010196
1 3.3396223960821736 3.8189918549883517
2 0.6216666622067328 0.7208906974719046
3 -4.631663168573326 -2.1616730491153353
4 3.4165853405502267 1.796842220219054
1 3.1755041248322806 3.735261290869846
2 0.8102326037397568 0.6872963586866321
3 -4.626261075626747 -2.321444452371989
4 3.3233355519468333 1.6566561938370883
1 3.0113858535823876 3.65153072675134
2 0.9987985452727808 0.6537020199013596
3 -4.6208589826801685 -2.4812158556286423
4 3.23008576334344 1.5164701674551226
1 2.8472675823324947 3.5678001626328344
2 1.1873644868058049 0.620107681116087
3 -4.61545688973359 -2.640987258885296
4 3.1368359747400465 1.376284141073157
1 2.6831493110826017 3.4840695985143286
2 1.375930428338829 0.5865133423308145
3 -4.610054796787011 -2.8007586621419494
4 3.043586186136653 1.2360981146911914
1 2.5190310398327087 3.400339034395823
2 1.564496369871853 0.552919003545542
3 -4.604652703840433 -2.960530065398603
4 2.9503363975332597 1.0959120883092257
1 2.3549127685828157 3.316608470277317
2 1.7530623114048771 0.5193246647602695
3 -4.599250610893854 -3.1203014686552564
4 2.8570866089298663 0.9557260619272601
1 2.1907944973329228 3.2328779061588113
2 1.9416282529379012 0.485730325974997
3 -4.593848517947276 -3.28007287191191
4 2.763836820326473 0.8155400355452944
1 2.0266762260830298 3.1491473420403056
2 2.130194194470925 0.4521359871897245
3 -4.588446425000697 -3.4398442751685634
4 2.6705870317230795 0.6753540091633288
1 1.8625579548331368 3.0654167779218
2 2.318760136003949 0.41854164840445196
3 -4.5830443320541185 -3.599615678425217
4 2.577337243119686 0.5351679827813631
1 1.6984396835832438 2.981686213803294
2 2.5073260775369732 0.38494730961917945
3 -4.57764223910754 -3.7593870816818704
4 2.4840874545162928 0.3949819563993974
1 1.5343214123333508 2.8979556496847882
2 2.6958920190699973 0.35135297083390693
3 -4.572240146160961 -3.919158484938524
4 2.3908376659128994 0.2547959300174317
1 1.3702031410834579 2.8142250855662825
2 2.8844579606030214 0.3177586320486344
3 -4.566838053214383 -4.078929888195177
4 2.297587877309506 0.11460990363546603
1 1.2060848698335649 2.7304945214477767
2 3.0730239021360455 0.2841642932633619
3 -4.561435960267804 -4.2387012914518305
4 2.2043380887061126 -0.025576122746499674
1 1.041966598583672 2.646763957329271
2 3.2615898436690696 0.2505699544780894
3 -4.556033867321226 -4.398472694708484
4 2.111088300102719 -0.16576214912846537
1 0.8778483273337788 2.563033393210765
2 3.4501557852020937 0.2169756156928169
3 -4.550631774374647 -4.558244097965137
4 2.017838511499326 -0.3059481755104311
1 0.7137300560838857 2.4793028290922594
2 3.6387217267351177 0.1833812769075444
3 -4.545229681428069 -4.71801550122179
4 1.9245887228959326 -0.4461342018923968
1 0.5496117848339926 2.3955722649737536
2 3.827287668268142 0.14978693812227192
3 -4.53982758848149 -4.877786904478443
4 1.8313389342925395 -0.5863202282743625
1 0.38549351358409956 2.311841700855248
2 4.015853609801166 0.11619259933699944
3 -4.5344254955349115 -4.962441692264904
4 1.7380891456891463 -0.7265062546563281
1 0.22137524233420647 2.228111136736742
2 4.2044195513341895 0.08259826055172695
3 -4.529023402588333 -4.802670289008251
4 1.6448393570857531 -0.8666922810382938
1 0.05725697108431338 2.1443805726182363
2 4.392985492867213 0.049003921766454454
3 -4.523621309641754 -4.642898885751598
4 1.55158956848236 -1.0068783074202594
1 -0.10686130016557971 2.0606500084997306
2 4.581551434400237 0.01540958298118196
3 -4.518219216695176 -4.483127482494945
4 1.4583397798789668 -1.147064333802225
1 -0.2709795714154728 1.9769194443812248
2 4.7701173759332605 -0.018184755804090534
3 -4.512817123748597 -4.323356079238292
4 1.3650899912755736 -1.2872503601841907
1 -0.4350978426653659 1.893188880262719
2 4.958683317466284 -0.05177909458936303
3 -4.507415030802019 -4.163584675981639
4 1.2718402026721805 -1.4274363865661563
1 -0.599216113915259 1.8094583161442133
2 4.852750741000692 -0.08537343337463552
3 -4.50201293785544 -4.003813272724986
4 1.1785904140687873 -1.567622412948122
1 -0.7633343851651521 1.7257277520257075
2 4.664184799467669 -0.118967772159908
3 -4.4966108449088615 -3.8440418694683323
4 1.0853406254653941 -1.7078084393300876
1 -0.9274526564150452 1.6419971879072017
2 4.475618857934645 -0.1525621109451805
3 -4.491208751962283 -3.6842704662116788
4 0.992090836862001 -1.8479944657120533
1 -1.0915709276649381 1.558266623788696
2 4.287052916401621 -0.18615644973045298
3 -4.485806659015704 -3.5244990629550252
4 0.8988410482586078 -1.988180492094019
1 -1.255689198914831 1.4745360596701902
2 4.098486974868598 -0.21975078851572546
3 -4.480404566069126 -3.3647276596983717
4 0.8055912596552146 -2.1283665184759846
1 -1.419807470164724 1.3908054955516844
2 3.9099210333355736 -0.25334512730099795
3 -4.475002473122547 -3.204956256441718
4 0.7123414710518214 -2.2685525448579504
1 -1.583925741414617 1.3070749314331787
2 3.7213550918025495 -0.28693946608627047
3 -4.469600380175969 -3.0451848531850647
4 0.6190916824484283 -2.4087385712399163
